684 428 981 767 754 31 384 506 551 493 792 105 162 144 945 805 
623 488 959 363 284 570 221 659 865 890 875 587 584 678 499 609 
834 692 782 561 273 531 161 626 2 780 694 872 846 199 867 836 
779 143 463 929 335 504 46 97 15 498 983 478 164 737 17 
332 647 185 522 798 112 150 263 90 524 751 789 297 565 387 878 
987 401 975 598 696 306 219 642 231 709 998 948 121 577 859 572 151 826 639 349 787 494 14 869 540 326 91 365 237 264 622 
816 575 210 399 746 735 33 555 532 897 808 254 364 700 914 634 431 689 189 84 436 309 901 882 87 778 272 663 938 322 783 
249 74 758 183 202 222 142 230 899 605 559 970 750 651 874 481 59 433 10 944 877 956 236 104 857 762 195 809 259 393 68 
408 186 613 57 638 679 321 545 563 864 682 348 546 507 999 625 898 593 354 541 937 881 841 837 280 576 627 795 967 552 140 
497 722 955 160 544 566 628 339 296 147 812 464 889 640 851 671 
285 294 256 207 106 870 804 188 51 691 978 619 242 453 438 
312 921 323 330 307 656 989 451 255 686 353 904 980 220 37 618 
350 646 177 775 279 708 331 536 225 440 467 366 732 742 206 21 664 965 135 232 516 379 717 895 77 41 103 511 769 738 49 
193 22 288 439 65 64 197 265 246 557 367 192 632 736 854 803 
430 378 797 235 687 209 257 7 601 450 344 876 333 996 460 958 
4 821 373 381 66 631 410 676 624 238 6 949 968 156 452 753 
394 745 407 114 155 763 76 784 377 472 515 840 286 519 39 471 
191 796 169 766 564 152 985 138 932 501 122 340 73 334 448 
607 181 991 839 688 885 359 110 361 755 398 380 666 208 83 674 176 533 543 468 203 729 301 19 590 328 931 960 429 54 376 
175 454 137 862 414 167 13 706 241 216 281 113 171 957 449 610 892 976 371 713 585 300 693 655 299 529 860 409 43 608 258 
538 668 53 174 154 830 71 574 325 813 52 902 290 801 293 
119 269 470 662 352 277 677 36 496 338 266 465 580 61 943 
308 832 788 123 560 368 933 218 759 900 595 969 93 442 562 734 
761 509 669 629 993 923 397 324 941 716 633 765 63 621 918 
441 909 920 200 120 744 223 310 894 388 886 827 549 98 484 314 
424 799 947 953 133 757 250 772 268 320 3 172 20 725 685 396 411 936 182 962 690 887 190 963 126 950 525 520 5 421 275 
556 187 315 537 369 25 16 698 260 982 568 612 38 880 591 807 
910 724 342 683 835 375 818 673 946 469 245 513 853 893 741 954 
906 952 345 842 596 244 289 913 26 170 337 213 527 791 370 88 
134 157 703 243 262 42 704 372 495 697 89 34 30 905 70 486 358 908 768 346 32 794 661 482 658 204 102 939 270 298 710 
588 852 313 278 72 390 78 973 727 69 80 136 979 828 977 715 383 109 217 773 707 657 131 405 55 446 714 848 553 528 604 
721 437 822 695 139 292 503 883 781 158 403 304 731 425 925 
581 400 116 667 879 594 418 760 489 995 569 127 602 907 130 444 228 578 922 790 56 274 212 786 100 861 205 748 740 475 547 
505 592 838 616 530 535 386 863 630 743 919 654 514 487 539 891 
603 477 419 356 329 253 491 770 502 571 319 146 806 720 660 542 635 173 586 435 317 820 283 705 558 747 124 149 261 86 128 
473 485 665 423 823 917 483 518 44 942 8 800 276 597 934 395 
567 28 252 986 94 819 24 166 118 992 11 643 843 35 994 
534 649 479 227 845 855 964 606 815 341 777 490 733 774 108 27 
675 702 966 447 248 291 858 125 974 287 971 726 413 849 12 756 432 972 95 153 712 645 636 458 652 92 382 196 461 620 884 
926 29 402 180 728 990 582 75 730 844 521 165 163 548 9 
466 614 457 415 523 251 699 327 389 474 302 132 599 833 868 600 
50 422 984 1 229 420 701 856 247 434 915 776 802 455 896 178 
916 81 824 940 336 672 406 224 873 811 847 526 311 318 680 211 
239 924 295 351 417 888 670 723 233 282 871 554 426 115 18 476 
45 214 825 412 316 360 99 79 512 215 653 67 58 793 47 179 443 427 637 456 927 911 23 817 480 404 681 517 719 303 168 
589 831 201 129 271 267 117 579 739 148 951 810 550 85 82 198 
1000 392 711 355 416 764 459 240 615 718 141 785 583 385 641 500 
644 510 930 961 305 96 492 573 391 60 749 928 935 508 445 159 
771 912 752 184 988 997 111 814 347 107 40 650 62 357 829 48 
343 648 617 101 850 903 374 866 462 194 145 611 234 362 226 
19049
